{
 "cells": [
  {
   "cell_type": "markdown",
   "metadata": {
    "id": "ouQX7cTNjSvJ"
   },
   "source": [
    "# Imports"
   ]
  },
  {
   "cell_type": "code",
   "execution_count": 18,
   "metadata": {
    "id": "N-tp9hR2jSvN",
    "outputId": "ec689041-217e-4c17-d53e-bcfe1d2aea2d"
   },
   "outputs": [],
   "source": [
    "from geopy.geocoders import Nominatim\n",
    "from geopy.distance import distance\n",
    "from pprint import pprint\n",
    "import pandas as pd\n",
    "import random\n",
    "from typing import List, Tuple\n",
    "from dotenv import dotenv_values\n",
    "random.seed(123)\n",
    "config = dotenv_values(\".env\")"
   ]
  },
  {
   "cell_type": "markdown",
   "metadata": {
    "id": "AebD5jdQjSvP"
   },
   "source": [
    "# Cities"
   ]
  },
  {
   "cell_type": "code",
   "execution_count": 2,
   "metadata": {
    "id": "oR6Rxq-8jSvQ"
   },
   "outputs": [],
   "source": [
    "country = \"Ukraine\"\n",
    "cities = [\"Lviv\", \"Chernihiv\", \"Dnipropetrovs'k\", \"Uzhgorod\", \"Kharkiv\", \"Odesa\", \n",
    "          \"Poltava\", \"Kiev\", \"Zhytomyr\", \"Khmelnytskyi\", \"Vinnytsia\",\"Cherkasy\",\n",
    "          \"Zaporizhia\", \"Ternopil\", \"Sumy\"]"
   ]
  },
  {
   "cell_type": "markdown",
   "metadata": {
    "id": "rWSH1BuD-4vW"
   },
   "source": [
    "# 1) Get Distinct Distance using geopy API\n"
   ]
  },
  {
   "cell_type": "code",
   "execution_count": 3,
   "metadata": {
    "id": "AR_zWeKKqB0e"
   },
   "outputs": [],
   "source": [
    "def get_distinct_distances(list:cities, str: country) -> pd.DataFrame:\n",
    "    df = pd.DataFrame(index = cities, columns= cities)\n",
    "    geolocator = Nominatim(user_agent=config[\"USER_AGENT\"], timeout = 10000)\n",
    "    coordinates = dict()\n",
    "    for city in cities:\n",
    "        location = geolocator.geocode(city + \" \" + country)\n",
    "        coordinates[city] = (location.latitude, location.longitude)\n",
    "    for origin in range(len(cities)):\n",
    "        for destination in range(origin, len(cities)):\n",
    "            dist = distance(coordinates[cities[origin]], coordinates[cities[destination]]).km\n",
    "            df[cities[origin]][cities[destination]] = dist\n",
    "            df[cities[destination]][cities[origin]] = dist\n",
    "    return df, coordinates"
   ]
  },
  {
   "cell_type": "code",
   "execution_count": 4,
   "metadata": {
    "colab": {
     "base_uri": "https://localhost:8080/",
     "height": 514
    },
    "id": "qdI9VbkOrS29",
    "outputId": "c6035bba-26f3-4b81-bfce-ba91197f10da"
   },
   "outputs": [
    {
     "data": {
      "text/html": [
       "<div>\n",
       "<style scoped>\n",
       "    .dataframe tbody tr th:only-of-type {\n",
       "        vertical-align: middle;\n",
       "    }\n",
       "\n",
       "    .dataframe tbody tr th {\n",
       "        vertical-align: top;\n",
       "    }\n",
       "\n",
       "    .dataframe thead th {\n",
       "        text-align: right;\n",
       "    }\n",
       "</style>\n",
       "<table border=\"1\" class=\"dataframe\">\n",
       "  <thead>\n",
       "    <tr style=\"text-align: right;\">\n",
       "      <th></th>\n",
       "      <th>Lviv</th>\n",
       "      <th>Chernihiv</th>\n",
       "      <th>Dnipropetrovs'k</th>\n",
       "      <th>Uzhgorod</th>\n",
       "      <th>Kharkiv</th>\n",
       "      <th>Odesa</th>\n",
       "      <th>Poltava</th>\n",
       "      <th>Kiev</th>\n",
       "      <th>Zhytomyr</th>\n",
       "      <th>Khmelnytskyi</th>\n",
       "      <th>Vinnytsia</th>\n",
       "      <th>Cherkasy</th>\n",
       "      <th>Zaporizhia</th>\n",
       "      <th>Ternopil</th>\n",
       "      <th>Sumy</th>\n",
       "    </tr>\n",
       "  </thead>\n",
       "  <tbody>\n",
       "    <tr>\n",
       "      <th>Lviv</th>\n",
       "      <td>0.0</td>\n",
       "      <td>568.763066</td>\n",
       "      <td>713.95376</td>\n",
       "      <td>185.084459</td>\n",
       "      <td>875.337343</td>\n",
       "      <td>622.58559</td>\n",
       "      <td>698.41876</td>\n",
       "      <td>468.823538</td>\n",
       "      <td>331.668225</td>\n",
       "      <td>228.441202</td>\n",
       "      <td>342.099738</td>\n",
       "      <td>526.789867</td>\n",
       "      <td>915.957697</td>\n",
       "      <td>115.950362</td>\n",
       "      <td>774.309082</td>\n",
       "    </tr>\n",
       "    <tr>\n",
       "      <th>Chernihiv</th>\n",
       "      <td>568.763066</td>\n",
       "      <td>0.0</td>\n",
       "      <td>393.389947</td>\n",
       "      <td>738.153895</td>\n",
       "      <td>348.012347</td>\n",
       "      <td>537.198441</td>\n",
       "      <td>211.897482</td>\n",
       "      <td>125.385464</td>\n",
       "      <td>238.504466</td>\n",
       "      <td>401.028704</td>\n",
       "      <td>350.638959</td>\n",
       "      <td>239.378661</td>\n",
       "      <td>525.390147</td>\n",
       "      <td>470.091321</td>\n",
       "      <td>217.967035</td>\n",
       "    </tr>\n",
       "    <tr>\n",
       "      <th>Dnipropetrovs'k</th>\n",
       "      <td>713.95376</td>\n",
       "      <td>393.389947</td>\n",
       "      <td>0.0</td>\n",
       "      <td>820.588474</td>\n",
       "      <td>317.452204</td>\n",
       "      <td>249.017561</td>\n",
       "      <td>222.110344</td>\n",
       "      <td>350.040797</td>\n",
       "      <td>490.321674</td>\n",
       "      <td>485.549502</td>\n",
       "      <td>372.228574</td>\n",
       "      <td>208.016577</td>\n",
       "      <td>203.29521</td>\n",
       "      <td>598.513091</td>\n",
       "      <td>353.083916</td>\n",
       "    </tr>\n",
       "    <tr>\n",
       "      <th>Uzhgorod</th>\n",
       "      <td>185.084459</td>\n",
       "      <td>738.153895</td>\n",
       "      <td>820.588474</td>\n",
       "      <td>0.0</td>\n",
       "      <td>1022.759249</td>\n",
       "      <td>677.479704</td>\n",
       "      <td>844.019119</td>\n",
       "      <td>628.480405</td>\n",
       "      <td>506.503063</td>\n",
       "      <td>356.038727</td>\n",
       "      <td>457.756114</td>\n",
       "      <td>656.764443</td>\n",
       "      <td>1023.475787</td>\n",
       "      <td>268.06692</td>\n",
       "      <td>934.157585</td>\n",
       "    </tr>\n",
       "    <tr>\n",
       "      <th>Kharkiv</th>\n",
       "      <td>875.337343</td>\n",
       "      <td>348.012347</td>\n",
       "      <td>317.452204</td>\n",
       "      <td>1022.759249</td>\n",
       "      <td>0.0</td>\n",
       "      <td>563.893499</td>\n",
       "      <td>178.74918</td>\n",
       "      <td>410.344303</td>\n",
       "      <td>566.080894</td>\n",
       "      <td>666.731991</td>\n",
       "      <td>572.242728</td>\n",
       "      <td>373.907649</td>\n",
       "      <td>287.335577</td>\n",
       "      <td>763.949224</td>\n",
       "      <td>143.890562</td>\n",
       "    </tr>\n",
       "    <tr>\n",
       "      <th>Odesa</th>\n",
       "      <td>622.58559</td>\n",
       "      <td>537.198441</td>\n",
       "      <td>249.017561</td>\n",
       "      <td>677.479704</td>\n",
       "      <td>563.893499</td>\n",
       "      <td>0.0</td>\n",
       "      <td>436.768011</td>\n",
       "      <td>440.937896</td>\n",
       "      <td>521.141391</td>\n",
       "      <td>413.696823</td>\n",
       "      <td>315.804633</td>\n",
       "      <td>297.85951</td>\n",
       "      <td>407.812652</td>\n",
       "      <td>519.77144</td>\n",
       "      <td>574.984058</td>\n",
       "    </tr>\n",
       "    <tr>\n",
       "      <th>Poltava</th>\n",
       "      <td>698.41876</td>\n",
       "      <td>211.897482</td>\n",
       "      <td>222.110344</td>\n",
       "      <td>844.019119</td>\n",
       "      <td>178.74918</td>\n",
       "      <td>436.768011</td>\n",
       "      <td>0.0</td>\n",
       "      <td>239.639967</td>\n",
       "      <td>398.725165</td>\n",
       "      <td>487.986744</td>\n",
       "      <td>394.716394</td>\n",
       "      <td>199.253751</td>\n",
       "      <td>315.451736</td>\n",
       "      <td>586.110093</td>\n",
       "      <td>138.217326</td>\n",
       "    </tr>\n",
       "    <tr>\n",
       "      <th>Kiev</th>\n",
       "      <td>468.823538</td>\n",
       "      <td>125.385464</td>\n",
       "      <td>350.040797</td>\n",
       "      <td>628.480405</td>\n",
       "      <td>410.344303</td>\n",
       "      <td>440.937896</td>\n",
       "      <td>239.639967</td>\n",
       "      <td>0.0</td>\n",
       "      <td>159.425829</td>\n",
       "      <td>281.35449</td>\n",
       "      <td>225.295729</td>\n",
       "      <td>153.615805</td>\n",
       "      <td>519.649625</td>\n",
       "      <td>362.089986</td>\n",
       "      <td>306.312276</td>\n",
       "    </tr>\n",
       "    <tr>\n",
       "      <th>Zhytomyr</th>\n",
       "      <td>331.668225</td>\n",
       "      <td>238.504466</td>\n",
       "      <td>490.321674</td>\n",
       "      <td>506.503063</td>\n",
       "      <td>566.080894</td>\n",
       "      <td>521.141391</td>\n",
       "      <td>398.725165</td>\n",
       "      <td>159.425829</td>\n",
       "      <td>0.0</td>\n",
       "      <td>205.465598</td>\n",
       "      <td>223.650756</td>\n",
       "      <td>282.516225</td>\n",
       "      <td>672.436525</td>\n",
       "      <td>241.12577</td>\n",
       "      <td>450.83421</td>\n",
       "    </tr>\n",
       "    <tr>\n",
       "      <th>Khmelnytskyi</th>\n",
       "      <td>228.441202</td>\n",
       "      <td>401.028704</td>\n",
       "      <td>485.549502</td>\n",
       "      <td>356.038727</td>\n",
       "      <td>666.731991</td>\n",
       "      <td>413.696823</td>\n",
       "      <td>487.986744</td>\n",
       "      <td>281.35449</td>\n",
       "      <td>205.465598</td>\n",
       "      <td>0.0</td>\n",
       "      <td>113.782154</td>\n",
       "      <td>303.657489</td>\n",
       "      <td>687.799994</td>\n",
       "      <td>113.677829</td>\n",
       "      <td>582.43746</td>\n",
       "    </tr>\n",
       "    <tr>\n",
       "      <th>Vinnytsia</th>\n",
       "      <td>342.099738</td>\n",
       "      <td>350.638959</td>\n",
       "      <td>372.228574</td>\n",
       "      <td>457.756114</td>\n",
       "      <td>572.242728</td>\n",
       "      <td>315.804633</td>\n",
       "      <td>394.716394</td>\n",
       "      <td>225.295729</td>\n",
       "      <td>223.650756</td>\n",
       "      <td>113.782154</td>\n",
       "      <td>0.0</td>\n",
       "      <td>200.169225</td>\n",
       "      <td>574.909586</td>\n",
       "      <td>227.400606</td>\n",
       "      <td>503.331908</td>\n",
       "    </tr>\n",
       "    <tr>\n",
       "      <th>Cherkasy</th>\n",
       "      <td>526.789867</td>\n",
       "      <td>239.378661</td>\n",
       "      <td>208.016577</td>\n",
       "      <td>656.764443</td>\n",
       "      <td>373.907649</td>\n",
       "      <td>297.85951</td>\n",
       "      <td>199.253751</td>\n",
       "      <td>153.615805</td>\n",
       "      <td>282.516225</td>\n",
       "      <td>303.657489</td>\n",
       "      <td>200.169225</td>\n",
       "      <td>0.0</td>\n",
       "      <td>397.952686</td>\n",
       "      <td>411.12953</td>\n",
       "      <td>322.19796</td>\n",
       "    </tr>\n",
       "    <tr>\n",
       "      <th>Zaporizhia</th>\n",
       "      <td>915.957697</td>\n",
       "      <td>525.390147</td>\n",
       "      <td>203.29521</td>\n",
       "      <td>1023.475787</td>\n",
       "      <td>287.335577</td>\n",
       "      <td>407.812652</td>\n",
       "      <td>315.451736</td>\n",
       "      <td>519.649625</td>\n",
       "      <td>672.436525</td>\n",
       "      <td>687.799994</td>\n",
       "      <td>574.909586</td>\n",
       "      <td>397.952686</td>\n",
       "      <td>0.0</td>\n",
       "      <td>800.226668</td>\n",
       "      <td>396.744803</td>\n",
       "    </tr>\n",
       "    <tr>\n",
       "      <th>Ternopil</th>\n",
       "      <td>115.950362</td>\n",
       "      <td>470.091321</td>\n",
       "      <td>598.513091</td>\n",
       "      <td>268.06692</td>\n",
       "      <td>763.949224</td>\n",
       "      <td>519.77144</td>\n",
       "      <td>586.110093</td>\n",
       "      <td>362.089986</td>\n",
       "      <td>241.12577</td>\n",
       "      <td>113.677829</td>\n",
       "      <td>227.400606</td>\n",
       "      <td>411.12953</td>\n",
       "      <td>800.226668</td>\n",
       "      <td>0.0</td>\n",
       "      <td>668.38189</td>\n",
       "    </tr>\n",
       "    <tr>\n",
       "      <th>Sumy</th>\n",
       "      <td>774.309082</td>\n",
       "      <td>217.967035</td>\n",
       "      <td>353.083916</td>\n",
       "      <td>934.157585</td>\n",
       "      <td>143.890562</td>\n",
       "      <td>574.984058</td>\n",
       "      <td>138.217326</td>\n",
       "      <td>306.312276</td>\n",
       "      <td>450.83421</td>\n",
       "      <td>582.43746</td>\n",
       "      <td>503.331908</td>\n",
       "      <td>322.19796</td>\n",
       "      <td>396.744803</td>\n",
       "      <td>668.38189</td>\n",
       "      <td>0.0</td>\n",
       "    </tr>\n",
       "  </tbody>\n",
       "</table>\n",
       "</div>"
      ],
      "text/plain": [
       "                       Lviv   Chernihiv Dnipropetrovs'k     Uzhgorod  \\\n",
       "Lviv                    0.0  568.763066       713.95376   185.084459   \n",
       "Chernihiv        568.763066         0.0      393.389947   738.153895   \n",
       "Dnipropetrovs'k   713.95376  393.389947             0.0   820.588474   \n",
       "Uzhgorod         185.084459  738.153895      820.588474          0.0   \n",
       "Kharkiv          875.337343  348.012347      317.452204  1022.759249   \n",
       "Odesa             622.58559  537.198441      249.017561   677.479704   \n",
       "Poltava           698.41876  211.897482      222.110344   844.019119   \n",
       "Kiev             468.823538  125.385464      350.040797   628.480405   \n",
       "Zhytomyr         331.668225  238.504466      490.321674   506.503063   \n",
       "Khmelnytskyi     228.441202  401.028704      485.549502   356.038727   \n",
       "Vinnytsia        342.099738  350.638959      372.228574   457.756114   \n",
       "Cherkasy         526.789867  239.378661      208.016577   656.764443   \n",
       "Zaporizhia       915.957697  525.390147       203.29521  1023.475787   \n",
       "Ternopil         115.950362  470.091321      598.513091    268.06692   \n",
       "Sumy             774.309082  217.967035      353.083916   934.157585   \n",
       "\n",
       "                     Kharkiv       Odesa     Poltava        Kiev    Zhytomyr  \\\n",
       "Lviv              875.337343   622.58559   698.41876  468.823538  331.668225   \n",
       "Chernihiv         348.012347  537.198441  211.897482  125.385464  238.504466   \n",
       "Dnipropetrovs'k   317.452204  249.017561  222.110344  350.040797  490.321674   \n",
       "Uzhgorod         1022.759249  677.479704  844.019119  628.480405  506.503063   \n",
       "Kharkiv                  0.0  563.893499   178.74918  410.344303  566.080894   \n",
       "Odesa             563.893499         0.0  436.768011  440.937896  521.141391   \n",
       "Poltava            178.74918  436.768011         0.0  239.639967  398.725165   \n",
       "Kiev              410.344303  440.937896  239.639967         0.0  159.425829   \n",
       "Zhytomyr          566.080894  521.141391  398.725165  159.425829         0.0   \n",
       "Khmelnytskyi      666.731991  413.696823  487.986744   281.35449  205.465598   \n",
       "Vinnytsia         572.242728  315.804633  394.716394  225.295729  223.650756   \n",
       "Cherkasy          373.907649   297.85951  199.253751  153.615805  282.516225   \n",
       "Zaporizhia        287.335577  407.812652  315.451736  519.649625  672.436525   \n",
       "Ternopil          763.949224   519.77144  586.110093  362.089986   241.12577   \n",
       "Sumy              143.890562  574.984058  138.217326  306.312276   450.83421   \n",
       "\n",
       "                Khmelnytskyi   Vinnytsia    Cherkasy   Zaporizhia    Ternopil  \\\n",
       "Lviv              228.441202  342.099738  526.789867   915.957697  115.950362   \n",
       "Chernihiv         401.028704  350.638959  239.378661   525.390147  470.091321   \n",
       "Dnipropetrovs'k   485.549502  372.228574  208.016577    203.29521  598.513091   \n",
       "Uzhgorod          356.038727  457.756114  656.764443  1023.475787   268.06692   \n",
       "Kharkiv           666.731991  572.242728  373.907649   287.335577  763.949224   \n",
       "Odesa             413.696823  315.804633   297.85951   407.812652   519.77144   \n",
       "Poltava           487.986744  394.716394  199.253751   315.451736  586.110093   \n",
       "Kiev               281.35449  225.295729  153.615805   519.649625  362.089986   \n",
       "Zhytomyr          205.465598  223.650756  282.516225   672.436525   241.12577   \n",
       "Khmelnytskyi             0.0  113.782154  303.657489   687.799994  113.677829   \n",
       "Vinnytsia         113.782154         0.0  200.169225   574.909586  227.400606   \n",
       "Cherkasy          303.657489  200.169225         0.0   397.952686   411.12953   \n",
       "Zaporizhia        687.799994  574.909586  397.952686          0.0  800.226668   \n",
       "Ternopil          113.677829  227.400606   411.12953   800.226668         0.0   \n",
       "Sumy               582.43746  503.331908   322.19796   396.744803   668.38189   \n",
       "\n",
       "                       Sumy  \n",
       "Lviv             774.309082  \n",
       "Chernihiv        217.967035  \n",
       "Dnipropetrovs'k  353.083916  \n",
       "Uzhgorod         934.157585  \n",
       "Kharkiv          143.890562  \n",
       "Odesa            574.984058  \n",
       "Poltava          138.217326  \n",
       "Kiev             306.312276  \n",
       "Zhytomyr          450.83421  \n",
       "Khmelnytskyi      582.43746  \n",
       "Vinnytsia        503.331908  \n",
       "Cherkasy          322.19796  \n",
       "Zaporizhia       396.744803  \n",
       "Ternopil          668.38189  \n",
       "Sumy                    0.0  "
      ]
     },
     "execution_count": 4,
     "metadata": {},
     "output_type": "execute_result"
    }
   ],
   "source": [
    "df_distinct, coordinates = get_distinct_distances(cities, country)\n",
    "df_distinct.head(15)"
   ]
  },
  {
   "cell_type": "markdown",
   "metadata": {
    "id": "3FXd96vD_H-a"
   },
   "source": [
    "# Download file to local"
   ]
  },
  {
   "cell_type": "code",
   "execution_count": 5,
   "metadata": {
    "id": "w1VzBR0g4u6u"
   },
   "outputs": [],
   "source": [
    "df_distinct.to_csv(\"data/direct_distances.csv\")"
   ]
  },
  {
   "cell_type": "markdown",
   "metadata": {
    "id": "J_eax1zx_W7t"
   },
   "source": [
    "# 2) Get route distance using Openrouteservice API"
   ]
  },
  {
   "cell_type": "code",
   "execution_count": 6,
   "metadata": {
    "colab": {
     "base_uri": "https://localhost:8080/",
     "height": 139
    },
    "id": "yVJ1ZsTdwk9a",
    "outputId": "94650245-79d5-4cc1-c7f5-d3c3dd04d949"
   },
   "outputs": [],
   "source": [
    "import openrouteservice \n",
    "from pprint import pprint\n",
    "def get_route_dataframe(coordinates: dict)->pd.DataFrame:\n",
    "    client = openrouteservice.Client(key=config['API_KEY'])\n",
    "    cities = list(coordinates.keys())\n",
    "    df = pd.DataFrame(index = cities, columns= cities)\n",
    "    for origin in range(len(coordinates.keys())):\n",
    "        for destination in range(origin, len(coordinates.keys())):\n",
    "            if origin != destination:\n",
    "                l2 = ((coordinates[cities[origin]][1], coordinates[cities[origin]][0]),\n",
    "                      (coordinates[cities[destination]][1], coordinates[cities[destination]][0]))\n",
    "                distance = client.directions(l2, units=\"km\", radiuses=-1)['routes'][0]['segments'][0]['distance']\n",
    "                df[cities[origin]][cities[destination]] = df[cities[destination]][cities[origin]] = distance\n",
    "            else:\n",
    "                df[cities[origin]][cities[destination]] = df[cities[destination]][cities[origin]] = 0\n",
    "    return df"
   ]
  },
  {
   "cell_type": "code",
   "execution_count": 7,
   "metadata": {
    "colab": {
     "base_uri": "https://localhost:8080/",
     "height": 786
    },
    "id": "-HGnvvdX9E-r",
    "outputId": "e2d8888b-9b76-4de1-c211-65ebd257b26c"
   },
   "outputs": [
    {
     "data": {
      "text/html": [
       "<div>\n",
       "<style scoped>\n",
       "    .dataframe tbody tr th:only-of-type {\n",
       "        vertical-align: middle;\n",
       "    }\n",
       "\n",
       "    .dataframe tbody tr th {\n",
       "        vertical-align: top;\n",
       "    }\n",
       "\n",
       "    .dataframe thead th {\n",
       "        text-align: right;\n",
       "    }\n",
       "</style>\n",
       "<table border=\"1\" class=\"dataframe\">\n",
       "  <thead>\n",
       "    <tr style=\"text-align: right;\">\n",
       "      <th></th>\n",
       "      <th>Lviv</th>\n",
       "      <th>Chernihiv</th>\n",
       "      <th>Dnipropetrovs'k</th>\n",
       "      <th>Uzhgorod</th>\n",
       "      <th>Kharkiv</th>\n",
       "      <th>Odesa</th>\n",
       "      <th>Poltava</th>\n",
       "      <th>Kiev</th>\n",
       "      <th>Zhytomyr</th>\n",
       "      <th>Khmelnytskyi</th>\n",
       "      <th>Vinnytsia</th>\n",
       "      <th>Cherkasy</th>\n",
       "      <th>Zaporizhia</th>\n",
       "      <th>Ternopil</th>\n",
       "      <th>Sumy</th>\n",
       "    </tr>\n",
       "  </thead>\n",
       "  <tbody>\n",
       "    <tr>\n",
       "      <th>Lviv</th>\n",
       "      <td>0</td>\n",
       "      <td>706.462</td>\n",
       "      <td>818.944</td>\n",
       "      <td>247.465</td>\n",
       "      <td>1008.2</td>\n",
       "      <td>797.721</td>\n",
       "      <td>816.849</td>\n",
       "      <td>539.994</td>\n",
       "      <td>381.534</td>\n",
       "      <td>253.754</td>\n",
       "      <td>391.537</td>\n",
       "      <td>630.782</td>\n",
       "      <td>1089.847</td>\n",
       "      <td>135.711</td>\n",
       "      <td>873.205</td>\n",
       "    </tr>\n",
       "    <tr>\n",
       "      <th>Chernihiv</th>\n",
       "      <td>706.462</td>\n",
       "      <td>0</td>\n",
       "      <td>474.532</td>\n",
       "      <td>982.326</td>\n",
       "      <td>463.21</td>\n",
       "      <td>638.808</td>\n",
       "      <td>271.859</td>\n",
       "      <td>167.152</td>\n",
       "      <td>343.352</td>\n",
       "      <td>530.001</td>\n",
       "      <td>474.557</td>\n",
       "      <td>347.671</td>\n",
       "      <td>638.549</td>\n",
       "      <td>606.393</td>\n",
       "      <td>242.1</td>\n",
       "    </tr>\n",
       "    <tr>\n",
       "      <th>Dnipropetrovs'k</th>\n",
       "      <td>818.944</td>\n",
       "      <td>474.532</td>\n",
       "      <td>0</td>\n",
       "      <td>1045.793</td>\n",
       "      <td>374.024</td>\n",
       "      <td>299.558</td>\n",
       "      <td>269.849</td>\n",
       "      <td>496.723</td>\n",
       "      <td>650.096</td>\n",
       "      <td>578.139</td>\n",
       "      <td>435.425</td>\n",
       "      <td>250.663</td>\n",
       "      <td>309.164</td>\n",
       "      <td>707.977</td>\n",
       "      <td>450.497</td>\n",
       "    </tr>\n",
       "    <tr>\n",
       "      <th>Uzhgorod</th>\n",
       "      <td>247.465</td>\n",
       "      <td>982.326</td>\n",
       "      <td>1045.793</td>\n",
       "      <td>0</td>\n",
       "      <td>1276.303</td>\n",
       "      <td>1020.145</td>\n",
       "      <td>1084.952</td>\n",
       "      <td>808.097</td>\n",
       "      <td>674.394</td>\n",
       "      <td>476.178</td>\n",
       "      <td>613.961</td>\n",
       "      <td>853.206</td>\n",
       "      <td>1312.271</td>\n",
       "      <td>368.314</td>\n",
       "      <td>1141.307</td>\n",
       "    </tr>\n",
       "    <tr>\n",
       "      <th>Kharkiv</th>\n",
       "      <td>1008.2</td>\n",
       "      <td>463.21</td>\n",
       "      <td>374.024</td>\n",
       "      <td>1276.303</td>\n",
       "      <td>0</td>\n",
       "      <td>673.141</td>\n",
       "      <td>221.415</td>\n",
       "      <td>468.971</td>\n",
       "      <td>651.45</td>\n",
       "      <td>830.657</td>\n",
       "      <td>693.503</td>\n",
       "      <td>477.954</td>\n",
       "      <td>373.834</td>\n",
       "      <td>907.049</td>\n",
       "      <td>183.826</td>\n",
       "    </tr>\n",
       "    <tr>\n",
       "      <th>Odesa</th>\n",
       "      <td>797.721</td>\n",
       "      <td>638.808</td>\n",
       "      <td>299.558</td>\n",
       "      <td>1020.145</td>\n",
       "      <td>673.141</td>\n",
       "      <td>0</td>\n",
       "      <td>576.096</td>\n",
       "      <td>476.091</td>\n",
       "      <td>629.464</td>\n",
       "      <td>557.835</td>\n",
       "      <td>415.121</td>\n",
       "      <td>363.575</td>\n",
       "      <td>517.644</td>\n",
       "      <td>687.673</td>\n",
       "      <td>805.626</td>\n",
       "    </tr>\n",
       "    <tr>\n",
       "      <th>Poltava</th>\n",
       "      <td>816.849</td>\n",
       "      <td>271.859</td>\n",
       "      <td>269.849</td>\n",
       "      <td>1084.952</td>\n",
       "      <td>221.415</td>\n",
       "      <td>576.096</td>\n",
       "      <td>0</td>\n",
       "      <td>278.084</td>\n",
       "      <td>460.563</td>\n",
       "      <td>639.77</td>\n",
       "      <td>584.326</td>\n",
       "      <td>281.405</td>\n",
       "      <td>388.7</td>\n",
       "      <td>716.162</td>\n",
       "      <td>177.202</td>\n",
       "    </tr>\n",
       "    <tr>\n",
       "      <th>Kiev</th>\n",
       "      <td>539.994</td>\n",
       "      <td>167.152</td>\n",
       "      <td>496.723</td>\n",
       "      <td>808.097</td>\n",
       "      <td>468.971</td>\n",
       "      <td>476.091</td>\n",
       "      <td>278.084</td>\n",
       "      <td>0</td>\n",
       "      <td>184.273</td>\n",
       "      <td>363.48</td>\n",
       "      <td>308.036</td>\n",
       "      <td>187.602</td>\n",
       "      <td>646.077</td>\n",
       "      <td>439.872</td>\n",
       "      <td>333.211</td>\n",
       "    </tr>\n",
       "    <tr>\n",
       "      <th>Zhytomyr</th>\n",
       "      <td>381.534</td>\n",
       "      <td>343.352</td>\n",
       "      <td>650.096</td>\n",
       "      <td>674.394</td>\n",
       "      <td>651.45</td>\n",
       "      <td>629.464</td>\n",
       "      <td>460.563</td>\n",
       "      <td>184.273</td>\n",
       "      <td>0</td>\n",
       "      <td>260.881</td>\n",
       "      <td>259.706</td>\n",
       "      <td>373.58</td>\n",
       "      <td>828.299</td>\n",
       "      <td>316.688</td>\n",
       "      <td>509.501</td>\n",
       "    </tr>\n",
       "    <tr>\n",
       "      <th>Khmelnytskyi</th>\n",
       "      <td>253.754</td>\n",
       "      <td>530.001</td>\n",
       "      <td>578.139</td>\n",
       "      <td>476.178</td>\n",
       "      <td>830.657</td>\n",
       "      <td>557.835</td>\n",
       "      <td>639.77</td>\n",
       "      <td>363.48</td>\n",
       "      <td>260.881</td>\n",
       "      <td>0</td>\n",
       "      <td>141.068</td>\n",
       "      <td>390.357</td>\n",
       "      <td>849.422</td>\n",
       "      <td>143.487</td>\n",
       "      <td>693.669</td>\n",
       "    </tr>\n",
       "    <tr>\n",
       "      <th>Vinnytsia</th>\n",
       "      <td>391.537</td>\n",
       "      <td>474.557</td>\n",
       "      <td>435.425</td>\n",
       "      <td>613.961</td>\n",
       "      <td>693.503</td>\n",
       "      <td>415.121</td>\n",
       "      <td>584.326</td>\n",
       "      <td>308.036</td>\n",
       "      <td>259.706</td>\n",
       "      <td>141.068</td>\n",
       "      <td>0</td>\n",
       "      <td>257.145</td>\n",
       "      <td>716.21</td>\n",
       "      <td>281.27</td>\n",
       "      <td>640.904</td>\n",
       "    </tr>\n",
       "    <tr>\n",
       "      <th>Cherkasy</th>\n",
       "      <td>630.782</td>\n",
       "      <td>347.671</td>\n",
       "      <td>250.663</td>\n",
       "      <td>853.206</td>\n",
       "      <td>477.954</td>\n",
       "      <td>363.575</td>\n",
       "      <td>281.405</td>\n",
       "      <td>187.602</td>\n",
       "      <td>373.58</td>\n",
       "      <td>390.357</td>\n",
       "      <td>257.145</td>\n",
       "      <td>0</td>\n",
       "      <td>516.397</td>\n",
       "      <td>519.629</td>\n",
       "      <td>421.235</td>\n",
       "    </tr>\n",
       "    <tr>\n",
       "      <th>Zaporizhia</th>\n",
       "      <td>1089.847</td>\n",
       "      <td>638.549</td>\n",
       "      <td>309.164</td>\n",
       "      <td>1312.271</td>\n",
       "      <td>373.834</td>\n",
       "      <td>517.644</td>\n",
       "      <td>388.7</td>\n",
       "      <td>646.077</td>\n",
       "      <td>828.299</td>\n",
       "      <td>849.422</td>\n",
       "      <td>716.21</td>\n",
       "      <td>516.397</td>\n",
       "      <td>0</td>\n",
       "      <td>978.933</td>\n",
       "      <td>528.763</td>\n",
       "    </tr>\n",
       "    <tr>\n",
       "      <th>Ternopil</th>\n",
       "      <td>135.711</td>\n",
       "      <td>606.393</td>\n",
       "      <td>707.977</td>\n",
       "      <td>368.314</td>\n",
       "      <td>907.049</td>\n",
       "      <td>687.673</td>\n",
       "      <td>716.162</td>\n",
       "      <td>439.872</td>\n",
       "      <td>316.688</td>\n",
       "      <td>143.487</td>\n",
       "      <td>281.27</td>\n",
       "      <td>519.629</td>\n",
       "      <td>978.933</td>\n",
       "      <td>0</td>\n",
       "      <td>773.018</td>\n",
       "    </tr>\n",
       "    <tr>\n",
       "      <th>Sumy</th>\n",
       "      <td>873.205</td>\n",
       "      <td>242.1</td>\n",
       "      <td>450.497</td>\n",
       "      <td>1141.307</td>\n",
       "      <td>183.826</td>\n",
       "      <td>805.626</td>\n",
       "      <td>177.202</td>\n",
       "      <td>333.211</td>\n",
       "      <td>509.501</td>\n",
       "      <td>693.669</td>\n",
       "      <td>640.904</td>\n",
       "      <td>421.235</td>\n",
       "      <td>528.763</td>\n",
       "      <td>773.018</td>\n",
       "      <td>0</td>\n",
       "    </tr>\n",
       "  </tbody>\n",
       "</table>\n",
       "</div>"
      ],
      "text/plain": [
       "                     Lviv Chernihiv Dnipropetrovs'k  Uzhgorod   Kharkiv  \\\n",
       "Lviv                    0   706.462         818.944   247.465    1008.2   \n",
       "Chernihiv         706.462         0         474.532   982.326    463.21   \n",
       "Dnipropetrovs'k   818.944   474.532               0  1045.793   374.024   \n",
       "Uzhgorod          247.465   982.326        1045.793         0  1276.303   \n",
       "Kharkiv            1008.2    463.21         374.024  1276.303         0   \n",
       "Odesa             797.721   638.808         299.558  1020.145   673.141   \n",
       "Poltava           816.849   271.859         269.849  1084.952   221.415   \n",
       "Kiev              539.994   167.152         496.723   808.097   468.971   \n",
       "Zhytomyr          381.534   343.352         650.096   674.394    651.45   \n",
       "Khmelnytskyi      253.754   530.001         578.139   476.178   830.657   \n",
       "Vinnytsia         391.537   474.557         435.425   613.961   693.503   \n",
       "Cherkasy          630.782   347.671         250.663   853.206   477.954   \n",
       "Zaporizhia       1089.847   638.549         309.164  1312.271   373.834   \n",
       "Ternopil          135.711   606.393         707.977   368.314   907.049   \n",
       "Sumy              873.205     242.1         450.497  1141.307   183.826   \n",
       "\n",
       "                    Odesa   Poltava     Kiev Zhytomyr Khmelnytskyi Vinnytsia  \\\n",
       "Lviv              797.721   816.849  539.994  381.534      253.754   391.537   \n",
       "Chernihiv         638.808   271.859  167.152  343.352      530.001   474.557   \n",
       "Dnipropetrovs'k   299.558   269.849  496.723  650.096      578.139   435.425   \n",
       "Uzhgorod         1020.145  1084.952  808.097  674.394      476.178   613.961   \n",
       "Kharkiv           673.141   221.415  468.971   651.45      830.657   693.503   \n",
       "Odesa                   0   576.096  476.091  629.464      557.835   415.121   \n",
       "Poltava           576.096         0  278.084  460.563       639.77   584.326   \n",
       "Kiev              476.091   278.084        0  184.273       363.48   308.036   \n",
       "Zhytomyr          629.464   460.563  184.273        0      260.881   259.706   \n",
       "Khmelnytskyi      557.835    639.77   363.48  260.881            0   141.068   \n",
       "Vinnytsia         415.121   584.326  308.036  259.706      141.068         0   \n",
       "Cherkasy          363.575   281.405  187.602   373.58      390.357   257.145   \n",
       "Zaporizhia        517.644     388.7  646.077  828.299      849.422    716.21   \n",
       "Ternopil          687.673   716.162  439.872  316.688      143.487    281.27   \n",
       "Sumy              805.626   177.202  333.211  509.501      693.669   640.904   \n",
       "\n",
       "                Cherkasy Zaporizhia Ternopil      Sumy  \n",
       "Lviv             630.782   1089.847  135.711   873.205  \n",
       "Chernihiv        347.671    638.549  606.393     242.1  \n",
       "Dnipropetrovs'k  250.663    309.164  707.977   450.497  \n",
       "Uzhgorod         853.206   1312.271  368.314  1141.307  \n",
       "Kharkiv          477.954    373.834  907.049   183.826  \n",
       "Odesa            363.575    517.644  687.673   805.626  \n",
       "Poltava          281.405      388.7  716.162   177.202  \n",
       "Kiev             187.602    646.077  439.872   333.211  \n",
       "Zhytomyr          373.58    828.299  316.688   509.501  \n",
       "Khmelnytskyi     390.357    849.422  143.487   693.669  \n",
       "Vinnytsia        257.145     716.21   281.27   640.904  \n",
       "Cherkasy               0    516.397  519.629   421.235  \n",
       "Zaporizhia       516.397          0  978.933   528.763  \n",
       "Ternopil         519.629    978.933        0   773.018  \n",
       "Sumy             421.235    528.763  773.018         0  "
      ]
     },
     "execution_count": 7,
     "metadata": {},
     "output_type": "execute_result"
    }
   ],
   "source": [
    "import warnings\n",
    "warnings.filterwarnings('ignore')\n",
    "df_routes = get_route_dataframe(coordinates)\n",
    "df_routes.head(15)"
   ]
  },
  {
   "cell_type": "markdown",
   "metadata": {
    "id": "opVSEi3QE-JM"
   },
   "source": [
    "# Download file to local"
   ]
  },
  {
   "cell_type": "code",
   "execution_count": 8,
   "metadata": {
    "id": "mJk8_OSnAYGW"
   },
   "outputs": [],
   "source": [
    "df_routes.to_csv(\"data/route_distances.csv\")"
   ]
  },
  {
   "cell_type": "markdown",
   "metadata": {
    "id": "JfegujtOjSvX"
   },
   "source": [
    "# A* Algorithm"
   ]
  },
  {
   "cell_type": "code",
   "execution_count": 19,
   "metadata": {
    "id": "nxD8S3-OjSvX"
   },
   "outputs": [],
   "source": [
    "class AStar():\n",
    "    def __init__(self, cities: list[str], country: str, distances: pd.DataFrame, heuristics: pd.DataFrame):\n",
    "        self.cities = cities\n",
    "        self.country = country\n",
    "        self.distances = distances\n",
    "        self.heuristics = heuristics\n",
    "    \n",
    "    def generate_map(self, low, high) -> dict[str, list[str]]:\n",
    "        from networkx.generators.degree_seq import random_degree_sequence_graph\n",
    "        import numpy as np\n",
    "        import networkx as nx\n",
    "        degrees = np.random.randint(low, high, len(self.cities))\n",
    "        while not nx.is_graphical(degrees):\n",
    "            degrees = np.random.randint(low, high, len(self.cities))\n",
    "        graph = random_degree_sequence_graph(degrees)\n",
    "        graph = nx.relabel.relabel_nodes(graph, mapping=dict(zip(range(15), self.cities)))\n",
    "        graph = nx.to_dict_of_lists(graph)\n",
    "        return graph\n",
    "    \n",
    "    def restore_path(self, current, camefrom: dict) -> list[str]:\n",
    "        path = [current]\n",
    "        while current in camefrom.keys():\n",
    "            current = camefrom[current]\n",
    "            path.insert(0, current)\n",
    "        return path\n",
    "    \n",
    "    def run(self, origin:str, destination:str, country:str) -> Tuple[List[str], float]:\n",
    "        gscore = dict().fromkeys(cities, float(\"inf\"))\n",
    "        gscore[origin] = 0\n",
    "        fscore = dict().fromkeys(cities, float(\"inf\"))\n",
    "        fscore[origin] = self.heuristics[origin][destination]\n",
    "        camefrom = dict()\n",
    "        openset = []\n",
    "        openset.append(origin)\n",
    "        openset = list(sorted(openset, key = lambda x: fscore[x]))\n",
    "        closed = []\n",
    "        while openset:\n",
    "            current_city = openset.pop(0)\n",
    "            closed.append(current_city)                \n",
    "            if current_city == destination:\n",
    "                return self.restore_path(current_city, camefrom), gscore[current_city]\n",
    "            for neighbour in country[current_city]:\n",
    "                if neighbour not in closed:\n",
    "                    tentative_gScore = gscore[current_city] + self.distances[current_city][neighbour]\n",
    "                    if tentative_gScore < gscore[neighbour]:\n",
    "                        camefrom[neighbour] = current_city\n",
    "                        gscore[neighbour] = tentative_gScore\n",
    "                        fscore[neighbour]  = gscore[neighbour] + self.heuristics[neighbour][destination]\n",
    "                        if neighbour not in openset:\n",
    "                            openset.append(neighbour)\n",
    "                            openset = list(sorted(openset, key = lambda x: fscore[x]))\n",
    "        return (None, 0)"
   ]
  },
  {
   "cell_type": "code",
   "execution_count": 10,
   "metadata": {
    "id": "dUdU4Vx6jSvX"
   },
   "outputs": [],
   "source": [
    "low = 3\n",
    "high = 5\n",
    "distances = pd.read_csv(\"data/route_distances.csv\", index_col = 0)\n",
    "heuristic = pd.read_csv(\"data/direct_distances.csv\",index_col = 0)\n",
    "a_star = AStar(cities, country, distances, heuristic)"
   ]
  },
  {
   "cell_type": "code",
   "execution_count": 11,
   "metadata": {
    "id": "3rvtJAZKjSvY",
    "outputId": "721101c6-869f-4718-a5de-e62cc9e55afd"
   },
   "outputs": [
    {
     "name": "stdout",
     "output_type": "stream",
     "text": [
      "{'Cherkasy': ['Chernihiv', 'Odesa', 'Zhytomyr', 'Ternopil'],\n",
      " 'Chernihiv': [\"Dnipropetrovs'k\", 'Poltava', 'Cherkasy', 'Kharkiv'],\n",
      " \"Dnipropetrovs'k\": ['Lviv', 'Chernihiv', 'Poltava'],\n",
      " 'Kharkiv': ['Chernihiv', 'Sumy', 'Vinnytsia'],\n",
      " 'Khmelnytskyi': ['Uzhgorod', 'Odesa', 'Ternopil'],\n",
